{
    "fixed_point": {
        "max_residual_inf_norm": 4.163336342344337e-16,
        "omega_centered": [
            -0.04,
            -0.03333333333333333,
            -0.02666666666666667,
            -0.02,
            -0.013333333333333334,
            -0.006666666666666667,
            0.0,
            0.006666666666666667,
            0.013333333333333334,
            0.02,
            0.02666666666666667,
            0.03333333333333333,
            0.04
        ],
        "residual": [
            -4.163336342344337e-16,
            2.0816681711721685e-17,
            -6.938893903907228e-18,
            -1.0408340855860843e-17,
            5.204170427930421e-18,
            8.673617379884035e-19,
            0.0,
            -8.673617379884035e-19,
            -5.204170427930421e-18,
            1.0408340855860843e-17,
            -6.938893903907228e-18,
            -6.938893903907228e-18,
            4.163336342344337e-16
        ],
        "theta_bar": [
            -0.09384368153417366,
            -0.20063391390246615,
            -0.240565230908233,
            -0.22715220142746226,
            -0.1737141445790949,
            -0.09354901536344928,
            4.796007696817512e-18,
            0.09354901536344928,
            0.1737141445790949,
            0.22715220142746226,
            0.240565230908233,
            0.20063391390246613,
            0.09384368153417363
        ]
    },
    "initial_conditions": {
        "K": [
            [
                0.0,
                0.5,
                0.0,
                0.0,
                0.0,
                0.0,
                0.0,
                0.0,
                0.0,
                0.0,
                0.0,
                0.0,
                0.5
            ],
            [
                0.5,
                0.0,
                0.5,
                0.0,
                0.0,
                0.0,
                0.0,
                0.0,
                0.0,
                0.0,
                0.0,
                0.0,
                0.0
            ],
            [
                0.0,
                0.5,
                0.0,
                0.5,
                0.0,
                0.0,
                0.0,
                0.0,
                0.0,
                0.0,
                0.0,
                0.0,
                0.0
            ],
            [
                0.0,
                0.0,
                0.5,
                0.0,
                0.5,
                0.0,
                0.0,
                0.0,
                0.0,
                0.0,
                0.0,
                0.0,
                0.0
            ],
            [
                0.0,
                0.0,
                0.0,
                0.5,
                0.0,
                0.5,
                0.0,
                0.0,
                0.0,
                0.0,
                0.0,
                0.0,
                0.0
            ],
            [
                0.0,
                0.0,
                0.0,
                0.0,
                0.5,
                0.0,
                0.5,
                0.0,
                0.0,
                0.0,
                0.0,
                0.0,
                0.0
            ],
            [
                0.0,
                0.0,
                0.0,
                0.0,
                0.0,
                0.5,
                0.0,
                0.5,
                0.0,
                0.0,
                0.0,
                0.0,
                0.0
            ],
            [
                0.0,
                0.0,
                0.0,
                0.0,
                0.0,
                0.0,
                0.5,
                0.0,
                0.5,
                0.0,
                0.0,
                0.0,
                0.0
            ],
            [
                0.0,
                0.0,
                0.0,
                0.0,
                0.0,
                0.0,
                0.0,
                0.5,
                0.0,
                0.5,
                0.0,
                0.0,
                0.0
            ],
            [
                0.0,
                0.0,
                0.0,
                0.0,
                0.0,
                0.0,
                0.0,
                0.0,
                0.5,
                0.0,
                0.5,
                0.0,
                0.0
            ],
            [
                0.0,
                0.0,
                0.0,
                0.0,
                0.0,
                0.0,
                0.0,
                0.0,
                0.0,
                0.5,
                0.0,
                0.5,
                0.0
            ],
            [
                0.0,
                0.0,
                0.0,
                0.0,
                0.0,
                0.0,
                0.0,
                0.0,
                0.0,
                0.0,
                0.5,
                0.0,
                0.5
            ],
            [
                0.5,
                0.0,
                0.0,
                0.0,
                0.0,
                0.0,
                0.0,
                0.0,
                0.0,
                0.0,
                0.0,
                0.5,
                0.0
            ]
        ],
        "N": 13,
        "omega": [
            -0.04,
            -0.03333333333333333,
            -0.02666666666666667,
            -0.02,
            -0.013333333333333336,
            -0.006666666666666668,
            -1.0675221390626506e-18,
            0.006666666666666666,
            0.013333333333333332,
            0.02,
            0.02666666666666667,
            0.03333333333333333,
            0.04
        ],
        "theta0": null
    },
    "linearized_system": {
        "H": [
            [
                -0.13901691919014225,
                0.011766903432220048,
                0.011707167915129268,
                0.011729320359687575,
                0.011796592305865506,
                0.011834319012851174,
                0.011782247482898092,
                0.011627139752629297,
                0.011413247647356876,
                0.011229842318799166,
                0.011178751195334936,
                0.011324898172541877,
                0.011626489594828461
            ],
            [
                0.011766903432220048,
                -0.13664422860215467,
                0.01182488580936562,
                0.011830158707902898,
                0.011830031773853358,
                0.011766531232702082,
                0.011596928303912091,
                0.011325909798042832,
                0.011014748075957438,
                0.010767886689355537,
                0.01070106804438102,
                0.010894278561919858,
                0.011324898172541877
            ],
            [
                0.011707167915129268,
                0.01182488580936562,
                -0.1353204196433875,
                0.011833254990162209,
                0.011807885185735112,
                0.011706657597099553,
                0.011493532104418117,
                0.011179895238336585,
                0.010833214572861342,
                0.010563310157426955,
                0.010490796833136784,
                0.01070106804438102,
                0.011178751195334936
            ],
            [
                0.011729320359687575,
                0.011830158707902898,
                0.011833254990162209,
                -0.13579137027885088,
                0.011817426352458808,
                0.011728856356179963,
                0.011530315739650151,
                0.011230942075437502,
                0.010896133459949317,
                0.010633923071840835,
                0.010563310157426955,
                0.010767886689355537,
                0.011229842318799166
            ],
            [
                0.011796592305865506,
                0.011830031773853358,
                0.011807885185735112,
                0.011817426352458808,
                -0.13740320630787486,
                0.01179631356759434,
                0.011656208315391397,
                0.011414169080164445,
                0.0111272359706869,
                0.010896133459949317,
                0.010833214572861342,
                0.011014748075957438,
                0.011413247647356876
            ],
            [
                0.011834319012851174,
                0.011766531232702082,
                0.011706657597099553,
                0.011728856356179963,
                0.01179631356759434,
                -0.13902109635237728,
                0.011782573740472427,
                0.01162778890086708,
                0.011414169080164445,
                0.011230942075437502,
                0.011179895238336585,
                0.011325909798042832,
                0.011627139752629297
            ],
            [
                0.011782247482898092,
                0.011596928303912091,
                0.011493532104418117,
                0.011530315739650151,
                0.011656208315391397,
                0.011782573740472427,
                -0.13968361137348456,
                0.011782573740472427,
                0.011656208315391397,
                0.011530315739650151,
                0.011493532104418117,
                0.011596928303912091,
                0.011782247482898092
            ],
            [
                0.011627139752629297,
                0.011325909798042832,
                0.011179895238336585,
                0.011230942075437502,
                0.011414169080164445,
                0.01162778890086708,
                0.011782573740472427,
                -0.13902109635237725,
                0.01179631356759434,
                0.011728856356179963,
                0.011706657597099553,
                0.011766531232702082,
                0.011834319012851174
            ],
            [
                0.011413247647356876,
                0.011014748075957438,
                0.010833214572861342,
                0.010896133459949317,
                0.0111272359706869,
                0.011414169080164445,
                0.011656208315391397,
                0.01179631356759434,
                -0.13740320630787486,
                0.011817426352458808,
                0.011807885185735112,
                0.011830031773853358,
                0.011796592305865506
            ],
            [
                0.011229842318799166,
                0.010767886689355537,
                0.010563310157426955,
                0.010633923071840835,
                0.010896133459949317,
                0.011230942075437502,
                0.011530315739650151,
                0.011728856356179963,
                0.011817426352458808,
                -0.13579137027885088,
                0.011833254990162209,
                0.011830158707902898,
                0.011729320359687575
            ],
            [
                0.011178751195334936,
                0.01070106804438102,
                0.010490796833136784,
                0.010563310157426955,
                0.010833214572861342,
                0.011179895238336585,
                0.011493532104418117,
                0.011706657597099553,
                0.011807885185735112,
                0.011833254990162209,
                -0.1353204196433875,
                0.01182488580936562,
                0.011707167915129268
            ],
            [
                0.011324898172541877,
                0.010894278561919858,
                0.01070106804438102,
                0.010767886689355537,
                0.011014748075957438,
                0.011325909798042832,
                0.011596928303912091,
                0.011766531232702082,
                0.011830031773853358,
                0.011830158707902898,
                0.01182488580936562,
                -0.13664422860215464,
                0.011766903432220048
            ],
            [
                0.011626489594828461,
                0.011324898172541877,
                0.011178751195334936,
                0.011229842318799166,
                0.011413247647356876,
                0.011627139752629297,
                0.011782247482898092,
                0.011834319012851174,
                0.011796592305865506,
                0.011729320359687575,
                0.011707167915129268,
                0.011766903432220048,
                -0.13901691919014225
            ]
        ],
        "L": [
            [
                -0.9883708553927996,
                0.49715167001129706,
                0.0,
                0.0,
                0.0,
                0.0,
                0.0,
                0.0,
                0.0,
                0.0,
                0.0,
                0.0,
                0.4912191853815025
            ],
            [
                0.49715167001129706,
                -0.9967530954569945,
                0.49960142544569747,
                0.0,
                0.0,
                0.0,
                0.0,
                0.0,
                0.0,
                0.0,
                0.0,
                0.0,
                0.0
            ],
            [
                0.0,
                0.49960142544569747,
                -0.9995564487800508,
                0.4999550233343533,
                0.0,
                0.0,
                0.0,
                0.0,
                0.0,
                0.0,
                0.0,
                0.0,
                0.0
            ],
            [
                0.0,
                0.0,
                0.4999550233343533,
                -0.999241286725738,
                0.49928626339138465,
                0.0,
                0.0,
                0.0,
                0.0,
                0.0,
                0.0,
                0.0,
                0.0
            ],
            [
                0.0,
                0.0,
                0.0,
                0.49928626339138465,
                -0.9976805116222456,
                0.49839424823086087,
                0.0,
                0.0,
                0.0,
                0.0,
                0.0,
                0.0,
                0.0
            ],
            [
                0.0,
                0.0,
                0.0,
                0.0,
                0.49839424823086087,
                -0.996207988765821,
                0.4978137405349601,
                0.0,
                0.0,
                0.0,
                0.0,
                0.0,
                0.0
            ],
            [
                0.0,
                0.0,
                0.0,
                0.0,
                0.0,
                0.4978137405349601,
                -0.9956274810699202,
                0.4978137405349601,
                0.0,
                0.0,
                0.0,
                0.0,
                0.0
            ],
            [
                0.0,
                0.0,
                0.0,
                0.0,
                0.0,
                0.0,
                0.4978137405349601,
                -0.996207988765821,
                0.49839424823086087,
                0.0,
                0.0,
                0.0,
                0.0
            ],
            [
                0.0,
                0.0,
                0.0,
                0.0,
                0.0,
                0.0,
                0.0,
                0.49839424823086087,
                -0.9976805116222456,
                0.49928626339138465,
                0.0,
                0.0,
                0.0
            ],
            [
                0.0,
                0.0,
                0.0,
                0.0,
                0.0,
                0.0,
                0.0,
                0.0,
                0.49928626339138465,
                -0.999241286725738,
                0.4999550233343533,
                0.0,
                0.0
            ],
            [
                0.0,
                0.0,
                0.0,
                0.0,
                0.0,
                0.0,
                0.0,
                0.0,
                0.0,
                0.4999550233343533,
                -0.9995564487800508,
                0.49960142544569747,
                0.0
            ],
            [
                0.0,
                0.0,
                0.0,
                0.0,
                0.0,
                0.0,
                0.0,
                0.0,
                0.0,
                0.0,
                0.49960142544569747,
                -0.9967530954569945,
                0.49715167001129706
            ],
            [
                0.4912191853815025,
                0.0,
                0.0,
                0.0,
                0.0,
                0.0,
                0.0,
                0.0,
                0.0,
                0.0,
                0.0,
                0.49715167001129706,
                -0.9883708553927996
            ]
        ]
    },
    "metadata": {
        "coupling": 0.5,
        "julia_version": "1.12.6",
        "network": "periodic nearest-neighbor chain",
        "run_name": "periodic_chain_N13",
        "timestamp": "20260717_164401"
    },
    "optimization": {
        "C_eigenvalues": [
            -3.58055242975499e-8,
            -1.9366140236458284e-8,
            -1.2644107944607877e-8,
            -4.798595678179197e-9,
            -3.6752684708671796e-9,
            1.568502969401043e-13,
            6.849235988510495e-9,
            9.17322989294301e-9,
            2.019519611200929e-8,
            3.835437895771642e-8,
            4.522419536654214e-8,
            6.493293563625835,
            6.506706392839828
        ],
        "C_opt": [
            [
                1.0000000000150724,
                -0.9713008415051017,
                0.8847707461483771,
                -0.7451662967794761,
                0.5624367363212291,
                -0.34931613796543515,
                0.11806360886967536,
                0.11987294955545677,
                -0.3528830788096322,
                0.5680256389971539,
                -0.7508331609317838,
                0.8884518128882687,
                -0.9721219768061238
            ],
            [
                -0.9713008415051017,
                0.9999999999923325,
                -0.9702249770787437,
                0.8824006144986544,
                -0.7429628049402544,
                0.5621617239613218,
                -0.3508660556164737,
                0.11970651460845647,
                0.1202030913815067,
                -0.3559670886241264,
                0.5721840176453232,
                -0.7537860072168144,
                0.8884518128949292
            ],
            [
                0.8847707461483771,
                -0.9702249770787437,
                0.9999999999667277,
                -0.9700844759065395,
                0.8829570699234842,
                -0.745733829465048,
                0.5672263395818842,
                -0.3566060269860329,
                0.1238252010482449,
                0.11902758362368192,
                -0.3565084875717068,
                0.5721840176456706,
                -0.7508331609254797
            ],
            [
                -0.7451662967794761,
                0.8824006144986544,
                -0.9700844759065395,
                0.9999999999919735,
                -0.9705110948489022,
                0.8851672359192664,
                -0.7501915794646302,
                0.5727447170457072,
                -0.36102010529177436,
                0.12557485082850034,
                0.11902758362521598,
                -0.35596708861896936,
                0.5680256390021003
            ],
            [
                0.5624367363212291,
                -0.7429628049402544,
                0.8829570699234842,
                -0.9705110948489022,
                1.0000000000272729,
                -0.9712217040290633,
                0.8874607459284276,
                -0.7534572514970325,
                0.5751731947631841,
                -0.3610201052872291,
                0.12382520105259094,
                0.12020309138830836,
                -0.35288307880622
            ],
            [
                -0.34931613796543515,
                0.5621617239613218,
                -0.745733829465048,
                0.8851672359192664,
                -0.9712217040290633,
                1.000000000010872,
                -0.9716930592806424,
                0.8883748681019821,
                -0.7534572514986285,
                0.5727447170518697,
                -0.3566060269811548,
                0.11970651461409332,
                0.11987294955902593
            ],
            [
                0.11806360886967536,
                -0.3508660556164737,
                0.5672263395818842,
                -0.7501915794646302,
                0.8874607459284276,
                -0.9716930592806424,
                0.9999999999639562,
                -0.9716930592859513,
                0.8874607459295268,
                -0.7501915794674234,
                0.567226339583183,
                -0.35086605560748646,
                0.11806360887080783
            ],
            [
                0.11987294955545677,
                0.11970651460845647,
                -0.3566060269860329,
                0.5727447170457072,
                -0.7534572514970325,
                0.8883748681019821,
                -0.9716930592859513,
                1.0000000000108789,
                -0.9712217040320014,
                0.8851672359280546,
                -0.7457338294525478,
                0.562161723961949,
                -0.34931613796046523
            ],
            [
                -0.3528830788096322,
                0.1202030913815067,
                0.1238252010482449,
                -0.36102010529177436,
                0.5751731947631841,
                -0.7534572514986285,
                0.8874607459295268,
                -0.9712217040320014,
                1.0000000000272862,
                -0.9705110948369006,
                0.8829570699317951,
                -0.742962804937884,
                0.5624367363210717
            ],
            [
                0.5680256389971539,
                -0.3559670886241264,
                0.11902758362368192,
                0.12557485082850034,
                -0.3610201052872291,
                0.5727447170518697,
                -0.7501915794674234,
                0.8851672359280546,
                -0.9705110948369006,
                0.9999999999919856,
                -0.9700844759084419,
                0.8824006144905268,
                -0.7451662967865206
            ],
            [
                -0.7508331609317838,
                0.5721840176453232,
                -0.3565084875717068,
                0.11902758362521598,
                0.12382520105259094,
                -0.3566060269811548,
                0.567226339583183,
                -0.7457338294525478,
                0.8829570699317951,
                -0.9700844759084419,
                0.9999999999666919,
                -0.9702249770865249,
                0.884770746131882
            ],
            [
                0.8884518128882687,
                -0.7537860072168144,
                0.5721840176456706,
                -0.35596708861896936,
                0.12020309138830836,
                0.11970651461409332,
                -0.35086605560748646,
                0.562161723961949,
                -0.742962804937884,
                0.8824006144905268,
                -0.9702249770865249,
                0.9999999999922842,
                -0.9713008415124108
            ],
            [
                -0.9721219768061238,
                0.8884518128949292,
                -0.7508331609254797,
                0.5680256390021003,
                -0.35288307880622,
                0.11987294955902593,
                0.11806360887080783,
                -0.34931613796046523,
                0.5624367363210717,
                -0.7451662967865206,
                0.884770746131882,
                -0.9713008415124108,
                1.0000000000150853
            ]
        ],
        "E_opt": [
            [
                0.2568717717863853,
                -0.248213749037348,
                0.22582455184929545,
                -0.1901160527272935,
                0.1434654903847309,
                -0.08905127834875469,
                0.029972170009281856,
                0.030814057688513405,
                -0.09030082181194288,
                0.14520604844780716,
                -0.1918833418435737,
                0.2272294648575037,
                -0.249818311254659
            ],
            [
                -0.248213749037348,
                0.2542882183213424,
                -0.24647157738447578,
                0.2241345330523295,
                -0.18876418216182647,
                0.14286880559672033,
                -0.08916894458684585,
                0.03039017445287169,
                0.030596442385118744,
                -0.09052505220009054,
                0.14549486718160945,
                -0.19185900049318508,
                0.22722946487378146
            ],
            [
                0.22582455184929545,
                -0.24647157738447578,
                0.25384719332626016,
                -0.24627785250628542,
                0.224276348940402,
                -0.18952959135187608,
                0.14422730482723964,
                -0.090710119243545,
                0.03155377875196777,
                0.030169830647260164,
                -0.09052139323103137,
                0.14549486719328655,
                -0.19188334181836594
            ],
            [
                -0.1901160527272935,
                0.2241345330523295,
                -0.24627785250628542,
                0.2539361426310789,
                -0.24660937345761813,
                0.22506739721328373,
                -0.19083762316968778,
                0.14573804253388425,
                -0.09189793539809978,
                0.03201189487598326,
                0.030169830658199774,
                -0.09052505217924253,
                0.14520604847349647
            ],
            [
                0.1434654903847309,
                -0.18876418216182647,
                0.224276348940402,
                -0.24660937345761813,
                0.25429149432950526,
                -0.24713298698172212,
                0.2259152014229496,
                -0.19182957643252907,
                0.14643611995176437,
                -0.09189793538642559,
                0.031553778771831124,
                0.030596442409886505,
                -0.09030082179109415
            ],
            [
                -0.08905127834875469,
                0.14286880559672033,
                -0.18952959135187608,
                0.22506739721328373,
                -0.24713298698172212,
                0.25460148123814325,
                -0.2474706926592709,
                0.22624428620840611,
                -0.19182957642632562,
                0.14573804255158976,
                -0.09071011922017493,
                0.030390174476703658,
                0.03081405770322215
            ],
            [
                0.029972170009281856,
                -0.08916894458684585,
                0.14422730482723964,
                -0.19083762316968778,
                0.2259152014229496,
                -0.2474706926592709,
                0.254725168232264,
                -0.24747069265742172,
                0.22591520143324095,
                -0.19083762315248068,
                0.1442273048495345,
                -0.08916894456572987,
                0.029972170017165112
            ],
            [
                0.030814057688513405,
                0.03039017445287169,
                -0.090710119243545,
                0.14573804253388425,
                -0.19182957643252907,
                0.22624428620840611,
                -0.24747069265742172,
                0.2546014812459255,
                -0.2471329869680298,
                0.22506739723742974,
                -0.18952959132698147,
                0.14286880560906723,
                -0.0890512783476407
            ],
            [
                -0.09030082181194288,
                0.030596442385118744,
                0.03155377875196777,
                -0.09189793539809978,
                0.14643611995176437,
                -0.19182957642632562,
                0.22591520143324095,
                -0.2471329869680298,
                0.25429149434793735,
                -0.24660937343447725,
                0.22427634895611745,
                -0.18876418216089416,
                0.14346549037349313
            ],
            [
                0.14520604844780716,
                -0.09052505220009054,
                0.030169830647260164,
                0.03201189487598326,
                -0.09189793538642559,
                0.14573804255158976,
                -0.19083762315248068,
                0.22506739723742974,
                -0.24660937343447725,
                0.25393614264126835,
                -0.24627785250903933,
                0.22413453303443015,
                -0.19011605275320523
            ],
            [
                -0.1918833418435737,
                0.14549486718160945,
                -0.09052139323103137,
                0.030169830658199774,
                0.031553778771831124,
                -0.09071011922017493,
                0.1442273048495345,
                -0.18952959132698147,
                0.22427634895611745,
                -0.24627785250903933,
                0.2538471933110643,
                -0.24647157741208756,
                0.22582455181465758
            ],
            [
                0.2272294648575037,
                -0.19185900049318508,
                0.14549486719328655,
                -0.09052505217924253,
                0.030596442409886505,
                0.030390174476703658,
                -0.08916894456572987,
                0.14286880560906723,
                -0.18876418216089416,
                0.22413453303443015,
                -0.24647157741208756,
                0.2542882182941922,
                -0.24821374906392943
            ],
            [
                -0.249818311254659,
                0.22722946487378146,
                -0.19188334181836594,
                0.14520604847349647,
                -0.09030082179109415,
                0.03081405770322215,
                0.029972170017165112,
                -0.0890512783476407,
                0.14346549037349313,
                -0.19011605275320523,
                0.22582455181465758,
                -0.24821374906392943,
                0.25687177177301557
            ]
        ],
        "L_eigenvalues": [
            -1.9657397225207316,
            -1.961627835906733,
            -1.7442169171459636,
            -1.7395412320573727,
            -1.3504754605375995,
            -1.3485053671976712,
            -0.876713357909443,
            -0.8755849460673159,
            -0.4306974636048482,
            -0.42992030893450184,
            -0.11437556071347958,
            -0.11384968196155643,
            4.178372070239067e-16
        ],
        "cosmo_status": "OPTIMAL",
        "lyapunov_residual": [
            [
                -1.6324719354088302e-12,
                -1.3096190798478347e-12,
                -5.325739849126876e-13,
                -1.8429702208777599e-13,
                2.5757174171303632e-14,
                6.283862319378386e-13,
                1.3002793286531755e-12,
                8.982536936485985e-13,
                2.9332092310596636e-13,
                1.949551631241775e-13,
                2.1760371282653068e-14,
                -6.900036098045348e-13,
                -1.3093970352429096e-12
            ],
            [
                -1.3096190798478347e-12,
                -1.3840040224977201e-12,
                -7.349676423018536e-13,
                -3.3995029014022293e-13,
                -5.10702591327572e-14,
                6.122879980807738e-13,
                1.3791745523406007e-12,
                1.1232126340132709e-12,
                7.939204849094494e-13,
                7.939204849094494e-13,
                7.180922523275513e-13,
                1.3811174426336947e-13,
                -6.916689443414725e-13
            ],
            [
                -5.325739849126876e-13,
                -7.349676423018536e-13,
                -5.274669589994119e-13,
                -3.3506530883187224e-13,
                -2.2093438190040615e-13,
                4.810596365700803e-13,
                1.1108891584399316e-12,
                9.627854069549358e-13,
                9.978962101087063e-13,
                1.2028295026667024e-12,
                1.2788103909144866e-12,
                7.095435350379375e-13,
                1.0658141036401503e-14
            ],
            [
                -1.8429702208777599e-13,
                -3.3995029014022293e-13,
                -3.3506530883187224e-13,
                -6.441513988875158e-13,
                -9.29256671611256e-13,
                -4.816147480823929e-13,
                3.1541436129600697e-13,
                2.8421709430404007e-13,
                3.6193270602780103e-13,
                8.739675649849232e-13,
                1.2040091146303666e-12,
                7.796541190430162e-13,
                1.8607337892717624e-13
            ],
            [
                2.5757174171303632e-14,
                -5.10702591327572e-14,
                -2.2093438190040615e-13,
                -9.29256671611256e-13,
                -1.913802449848845e-12,
                -1.7373880112359075e-12,
                -6.356026815979021e-13,
                -5.437872374614017e-13,
                -4.708455847435289e-13,
                3.4983127505938683e-13,
                9.921924393196946e-13,
                7.735062590441544e-13,
                2.8949065367100957e-13
            ],
            [
                6.283862319378386e-13,
                6.122879980807738e-13,
                4.810596365700803e-13,
                -4.816147480823929e-13,
                -1.7373880112359075e-12,
                -1.8105517085587053e-12,
                -9.021672298104022e-13,
                -9.234835118832052e-13,
                -5.455635943008019e-13,
                2.8188562595232725e-13,
                9.566791803194974e-13,
                1.1080025785759062e-12,
                8.9291074534259e-13
            ],
            [
                1.3002793286531755e-12,
                1.3791745523406007e-12,
                1.1108891584399316e-12,
                3.1541436129600697e-13,
                -6.356026815979021e-13,
                -9.021672298104022e-13,
                -5.605516051332415e-13,
                -8.909539772616881e-13,
                -6.329381463388017e-13,
                3.1530333899354446e-13,
                1.1065592886438935e-12,
                1.3634093853909235e-12,
                1.2946033134397794e-12
            ],
            [
                8.982536936485985e-13,
                1.1232126340132709e-12,
                9.627854069549358e-13,
                2.8421709430404007e-13,
                -5.437872374614017e-13,
                -9.234835118832052e-13,
                -8.909539772616881e-13,
                -1.8196555373606316e-12,
                -1.7322809853226318e-12,
                -4.937161790508071e-13,
                4.690692279041286e-13,
                6.001865671123596e-13,
                6.24167384444263e-13
            ],
            [
                2.9332092310596636e-13,
                7.939204849094494e-13,
                9.978962101087063e-13,
                3.6193270602780103e-13,
                -4.708455847435289e-13,
                -5.455635943008019e-13,
                -6.329381463388017e-13,
                -1.7322809853226318e-12,
                -1.922906278650771e-12,
                -9.566791803194974e-13,
                -2.299271883998699e-13,
                -5.88418203051333e-14,
                2.7200464103316335e-14
            ],
            [
                1.949551631241775e-13,
                7.939204849094494e-13,
                1.2028295026667024e-12,
                8.739675649849232e-13,
                3.4983127505938683e-13,
                2.8188562595232725e-13,
                3.1530333899354446e-13,
                -4.937161790508071e-13,
                -9.566791803194974e-13,
                -6.412648190234904e-13,
                -3.319566843629218e-13,
                -3.377298440909726e-13,
                -1.724176357242868e-13
            ],
            [
                2.1760371282653068e-14,
                7.180922523275513e-13,
                1.2788103909144866e-12,
                1.2040091146303666e-12,
                9.921924393196946e-13,
                9.566791803194974e-13,
                1.1065592886438935e-12,
                4.690692279041286e-13,
                -2.299271883998699e-13,
                -3.319566843629218e-13,
                -5.284661597215745e-13,
                -7.19757586864489e-13,
                -5.146993942162226e-13
            ],
            [
                -6.900036098045348e-13,
                1.3811174426336947e-13,
                7.095435350379375e-13,
                7.796541190430162e-13,
                7.735062590441544e-13,
                1.1080025785759062e-12,
                1.3634093853909235e-12,
                6.001865671123596e-13,
                -5.88418203051333e-14,
                -3.377298440909726e-13,
                -7.19757586864489e-13,
                -1.3279377597541497e-12,
                -1.2970735596695704e-12
            ],
            [
                -1.3093970352429096e-12,
                -6.916689443414725e-13,
                1.0658141036401503e-14,
                1.8607337892717624e-13,
                2.8949065367100957e-13,
                8.9291074534259e-13,
                1.2946033134397794e-12,
                6.24167384444263e-13,
                2.7200464103316335e-14,
                -1.724176357242868e-13,
                -5.146993942162226e-13,
                -1.2970735596695704e-12,
                -1.6209256159527285e-12
            ]
        ],
        "max_lyapunov_residual_inf_norm": 1.922906278650771e-12,
        "objective": -0.49400563231102196
    }
}
